brass:{
	ambient:[0.3294122,0.223529,0.027451]
	diffuse:[0.780392,0.568627,0.113725]
	specular:[0.992157,0.941176,0.807843]
	shinness:27.8974
}
action:[83,54,79,20]


